16119
1899
2063
6986
13686
3279
10762
14899
13930
14988
3426
9911
14182
14396
4968
5556
7424
7426
9403
13234
15788
3880
13379
15233
17299
464
2933
5448
6285
7338
7884
9056
9718
10229
10507
10657
12094
12365
14801
15411
16401
17261
17298
17330
17606
8257
12466
13393
821
6500
7778
8364
8899
11913
15270
16155
17053
963
2454
2597
5116
7887
8090
8510
10317
12081
12375
17151
17559
17691
446
1001
1044
1697
2082
2346
3280
3930
4219
4568
4813
5314
5347
5414
5482
5877
5888
6041
6393
7201
7472
7671
8345
8497
11412
11692
11984
12158
12540
12601
